0,573
0,572
0,571
0,570
0,569
0,568
0,567
0,566
0,278
45,4
45,3
45,2
45,1
45,0
44,4
44,3
44,2
44,1
44,0
43,4
43,3
43,2
0,9
43,1
43,0
0,565
0,564
0,563
0,562
0,561
0,560
0,559
0,558
0,557
0,556
0,555
0,554
0,553
0,552
0,551
0,550
0,549
0,548
0,547
0,546
0,545
0,544
0,543
0,542
0,541
0,540
0,539
0,386
0,538
0,537
0,243
0,536
0,535
0,534
42,52
42,51
42,50
42,49
42,48
42,47
42,46
42,45
42,44
42,43
42,42
42,41
42,40
42,39
42,38
42,37
24,1
24,3
0,273
0,270
42,36
42,35
3,2
3,1
3,3
10,195
10,299
10,180
10,236
10,169
10,265
10,218
10,1
10,173
10,2
10,3
11,18
11,21
11,6
11,11
11,15
11,28
11,13
11,1
11,29
11,2
11,3
9,7
9,1
9,5
9,2
9,3
8,9
8,12
8,16
8,15
8,4
8,17
8,1
8,6
8,2
8,3
12,2
12,1
